tree
version=v4
num_class=1
num_tree_per_iteration=1
label_index=0
max_feature_idx=10
objective=binary sigmoid:1
feature_names=pct_asistencia_global pct_asistencia_4sem pct_ausencia_lunes promedio_actual tendencia_notas nivel_sisben_num zona_rural asist_x_notas caida_asistencia sisben_x_rural ausencia_x_sisben
feature_infos=[0.61538461538461542:1] [0.5:1] [0:0.69230769230769229] [1.5800000000000001:4.7199999999999998] [-0.81999999999999995:0.26000000000000001] [1:5] [0:1] [1.012:4.7199999999999998] [-0.19600000000000001:0.21199999999999999] [0:5] [0:2.6920000000000002]
tree_sizes=2956 3391 3354 3376

Tree=0
num_leaves=28
num_cat=0
split_feature=1 8 4 5 6 8 5 3 7 7 8 7 1 5 0 8 3 5 8 3 8 0 0 7 1 0 4
split_gain=37.2324 20.5218 10.2749 12.2064 8.52973 8.32676 6.14252 5.03316 4.81373 4.77635 3.08961 3.95674 6.22777 2.84806 2.71362 2.55614 3.40664 1.29168 0.80892 1.43787 0.80347 0.798432 0.518981 0.478091 1.77636e-15 8.88178e-16 4.44089e-16
threshold=0.87500000000000011 0.10200000000000002 -0.40999999999999998 4.5000000000000009 1.0000000180025095e-35 -1.0000000180025095e-35 3.5000000000000004 3.77 2.0000000000000004 3.2785000000000006 -0.043999999999999991 3.1825000000000006 0.92500000000000016 3.5000000000000004 0.82307692307692315 0.056000000000000008 3.4100000000000006 2.5000000000000004 0.033000000000000008 4.1900000000000004 -0.047999999999999994 0.9307692307692309 0.86923076923076936 3.5010000000000003 0.92500000000000016 0.85384615384615403 -0.18999999999999997
decision_type=2 2 2 2 2 2 2 2 2 2 2 2 2 2 2 2 2 2 2 2 2 2 2 2 2 2 2
left_child=1 2 3 4 6 -6 8 10 -1 15 13 -12 -13 25 -3 17 -17 -4 20 -20 21 -9 -15 -22 26 -2 -25
right_child=7 14 9 -5 5 -7 -8 18 -10 -11 11 12 -14 22 -16 16 -18 -19 19 -21 23 -23 -24 24 -26 -27 -28
leaf_value=-1.8498476872128178 -1.8498476872128178 -1.6560949372626108 -1.8498476872128178 -1.8498476872128178 -1.7502034158098543 -1.631875843518835 -1.7114528658198129 -1.8187088523993917 -1.7668107943770148 -1.7668107943770148 -1.760879587745886 -1.8498476872128178 -1.7564311827725396 -1.8187088523993917 -1.7252923479591133 -1.7668107943770148 -1.8306853273276327 -1.8166329300784967 -1.8045548365751072 -1.8498476872128178 -1.8332403086456572 -1.8498476872128178 -1.7875700175859657 -1.8498476872128178 -1.849847687212818 -1.8498476872128178 -1.849847687212818
leaf_weight=0.96342718601227284 0.9634271860122684 1.0838555842638009 2.5289963632822037 1.2042839825153349 1.2042839825153353 0.96342718601226796 1.0838555842638018 1.9268543720245424 1.8064259737730024 1.8064259737730024 1.6859975755214707 1.9268543720245364 0.96342718601226796 0.96342718601226784 0.96342718601226796 1.4451407790184023 1.5655691772699354 1.8064259737730024 1.3247123807668679 1.2042839825153349 1.8064259737730015 1.2042839825153351 0.96342718601226807 0.9634271860122684 9.3934150636196119 2.0472827702760696 1.0838555842638005
leaf_count=8 8 9 21 10 10 8 9 16 15 15 14 16 8 8 8 12 13 15 11 10 15 10 8 8 78 17 9
internal_value=-1.81142 -1.77821 -1.7894 -1.76266 -1.74522 -1.69761 -1.772 -1.83296 -1.79569 -1.81051 -1.81516 -1.7974 -1.81871 -1.83162 -1.68866 -1.82126 -1.80003 -1.83601 -1.84191 -1.82612 -1.84435 -1.83069 -1.80314 -1.84758 -1.84985 -1.84985 -1.84985
internal_weight=46.8466 18.4255 16.3783 7.2257 6.02142 2.16771 3.85371 28.4211 2.76985 9.15256 9.51384 4.57628 2.89028 4.93756 2.04728 7.34613 3.01071 4.33542 18.9073 2.529 16.3783 3.13114 1.92685 13.2471 11.4407 3.01071 2.04728
internal_count=389 153 136 60 50 18 32 236 23 76 79 38 24 41 17 61 25 36 157 21 136 26 16 110 95 25 17
is_linear=0
shrinkage=1


Tree=1
num_leaves=31
num_cat=0
split_feature=3 8 0 8 7 10 0 10 6 7 4 10 3 4 7 7 8 4 3 8 0 4 10 4 8 4 6 7 0 7
split_gain=31.0765 19.1969 7.93293 9.07106 7.18038 6.91376 6.74357 6.08702 5.33162 5.19721 5.18535 10.0179 6.59597 6.09444 2.64611 3.02437 1.6468 1.4264 1.49121 0.79903 0.873501 0.645941 0.755596 0.472876 5.21772e-05 2.98006e-05 8.15614e-06 6.12896e-06 5.27614e-06 1.42692e-06
threshold=3.5300000000000007 0.11000000000000001 0.90000000000000013 0.021000000000000001 2.5410000000000004 0.50000000000000011 0.79230769230769249 0.26950000000000007 1.0000000180025095e-35 3.6950000000000007 -0.18999999999999997 0.34650000000000009 3.9900000000000007 -0.10999999999999999 2.8190000000000004 2.9465000000000003 0.056000000000000008 -0.40999999999999998 3.5900000000000003 -0.047999999999999994 0.9307692307692309 -0.20999999999999999 0.65350000000000008 -0.28999999999999998 0.048000000000000008 -0.32999999999999996 1.0000000180025095e-35 3.7710000000000004 0.91538461538461557 3.5400000000000005
decision_type=2 2 2 2 2 2 2 2 2 2 2 2 2 2 2 2 2 2 2 2 2 2 2 2 2 2 2 2 2 2
left_child=1 2 4 -4 5 6 -1 -8 16 10 17 12 13 -12 25 -16 -7 -2 -19 20 -11 22 24 -21 26 -6 28 -25 -20 -13
right_child=9 -3 3 -5 14 8 7 -9 -10 19 11 29 -14 -15 15 -17 -18 18 21 23 -22 -23 -24 27 -26 -27 -28 -29 -30 -31
leaf_value=0.125325563314445 0.013903685106363892 0.12630435135913493 0.019027141325898559 0.14335501370893469 -0.034987574460569354 -0.034836216670125687 0.08290724892210441 -0.010707061866618385 0.050962458056280864 -0.0014436655411312058 0.061105256732945507 -0.034843203755325097 0.11576666700214916 -0.034879727802721285 0.046665527073008438 -0.017196320565814188 0.0098038635885214775 0.0072681484082464786 -0.034807671433592646 -0.017863246052144059 -0.034717834761782723 -0.0034168466493022125 -0.0072414236788944401 -0.034793861028368331 -0.035044473513064556 -0.034771619043248887 -0.034871456650258974 -0.03472101452295559 -0.034725821272839068 -0.034894918803956468
leaf_weight=1.1215848550200482 1.2259486541151989 1.8530155271291722 1.1094429418444627 1.0080424249172208 1.46531717479229 1.6717062965035441 1.2690301537513735 1.2319951280951498 1.7420649304985998 1.7961986213922492 1.5627575293183329 0.95703598111867882 0.99420256167650212 0.9617246463894874 1.1019894555211069 1.6924134045839307 1.3399016931653021 1.4262361973524074 1.7848530933260893 1.7745744213461865 1.1742447316646576 0.95501510798931377 1.0848522260785101 1.1874520555138577 0.98448704928159703 0.9466123953461637 1.0807392969727514 8.3410456478595716 1.1756696030497549 0.96372496336698532
leaf_count=9 10 14 9 8 12 14 10 10 14 15 13 8 8 8 9 14 11 12 15 15 10 8 9 10 8 8 9 71 10 8
internal_value=0.00339049 0.0349832 0.024205 0.0782142 0.0157851 0.0329817 0.0642034 0.0367932 0.00918873 -0.015452 -0.00321826 0.0202352 0.0503153 0.0245389 -0.011882 0.00798798 -0.0149753 -0.0163461 -0.0207132 -0.0284433 -0.0145973 -0.0263614 -0.0299474 -0.032082 -0.0348486 -0.0349028 -0.0348009 -0.0347301 -0.0347752 -0.0348692
internal_weight=46.9839 17.5531 15.7001 2.11749 13.5826 8.37628 3.62261 2.50103 4.75367 29.4308 15.1572 5.43945 3.51868 2.52448 5.20633 2.7944 3.01161 9.7178 8.49185 14.2735 2.97044 7.06562 6.1106 11.3031 5.02575 2.41193 4.04126 9.5285 2.96052 1.92076
internal_count=389 142 128 17 111 68 29 20 39 247 126 45 29 21 43 23 25 81 71 121 25 59 51 96 42 20 34 81 25 16
is_linear=0
shrinkage=0.03


Tree=2
num_leaves=31
num_cat=0
split_feature=1 8 4 5 9 8 5 3 7 10 8 7 7 5 10 8 3 3 5 8 3 8 4 4 7 5 0 7 7 4
split_gain=32.2919 14.092 8.42195 10.237 6.19559 5.33185 5.04186 4.70162 4.15816 4.12183 2.90393 3.28043 5.98858 2.7358 4.44503 2.35899 2.91622 1.77075 1.28644 0.794597 1.35594 0.803392 0.821624 2.09278 0.482372 6.79909e-05 2.32748e-05 1.35682e-05 1.30423e-05 5.00949e-06
threshold=0.87500000000000011 0.10200000000000002 -0.40999999999999998 4.5000000000000009 1.0000000180025095e-35 -1.0000000180025095e-35 3.5000000000000004 3.77 3.2785000000000006 0.50000000000000011 -0.043999999999999991 3.1825000000000006 3.3810000000000007 3.5000000000000004 0.73050000000000004 0.056000000000000008 3.4100000000000006 3.1900000000000008 2.5000000000000004 0.033000000000000008 4.1900000000000004 -0.047999999999999994 -0.18999999999999997 -0.12999999999999998 3.5010000000000003 1.5000000000000002 0.88461538461538469 3.6695000000000007 3.27 -0.28999999999999998
decision_type=2 2 2 2 2 2 2 2 2 2 2 2 2 2 2 2 2 2 2 2 2 2 2 2 2 2 2 2 2 2
left_child=1 2 3 4 6 -6 9 10 15 -1 13 -12 28 26 -15 18 -17 -3 25 21 -21 22 -9 -24 -23 -4 -2 -26 -13 -29
right_child=7 17 8 -5 5 -7 -8 19 -10 -11 11 12 -14 14 -16 16 -18 -19 -20 20 -22 24 23 -25 27 -27 -28 29 -30 -31
leaf_value=0.042034962677604579 -0.034830706849571909 0.12463410543299834 -0.0349072250662825 -0.034751013120204392 0.057251069245091629 0.14597604099297939 0.090525824255647216 -0.034739890033053465 0.043569433722410157 -0.034686644408925889 0.048382842047925124 -0.034813498831558758 0.056694319177653558 0.055527641299611019 -0.034897332276315467 0.043189640384662095 -0.015300812117397406 0.07297299912131934 -0.0013154905789500022 0.0098735382086046625 -0.034572484887944885 -0.017647890281608465 0.028661331568122259 -0.034673900586397639 -0.034663173178669258 -0.034589793202996787 -0.034658312409702671 -0.034616566046486455 -0.034655461131090304 -0.034556803323685707
leaf_weight=1.9366722926497506 1.7889796644449236 1.3040371239185327 1.0840865522623062 1.1794329509139059 1.2948565781116488 1.151814207434654 1.1892984062433241 1.1775469258427622 1.902344152331352 0.93424678593873967 1.7916335016489044 0.95166588574647926 0.98123005032539357 0.99301313608884789 0.96444740891456604 1.5287036001682284 1.540029816329479 1.1015435308218 1.790120407938957 1.3379841893911355 1.1476179361343382 1.7582791373133648 0.94595162570476532 0.93232097476721054 1.5122388154268254 1.3807577863335609 1.1630432009696958 1.5024471431970585 0.92852824926376343 7.8988428562879553
leaf_count=15 15 9 9 10 10 8 9 10 15 8 14 8 8 8 8 12 13 8 15 11 10 15 8 8 13 12 10 13 8 69
internal_value=0.00325111 0.0330389 0.0233754 0.0465694 0.0613094 0.0990199 0.0385852 -0.0174662 0.00405234 0.0170684 -0.000432145 0.0165494 -0.00338266 -0.0165267 0.010975 -0.0062123 0.0138365 0.100978 -0.0206717 -0.0264097 -0.0106475 -0.0289007 -0.0150934 -0.00277647 -0.0322304 -0.0347294 -0.0347628 -0.0345798 -0.0347355 -0.0345664
internal_weight=47.0937 19.3179 16.9124 7.68632 6.50689 2.44667 4.06022 27.7758 9.22604 2.87092 9.56254 4.65306 2.86142 4.90948 1.95746 7.3237 3.06873 2.40558 4.25496 18.2132 2.4856 15.7276 3.05582 1.87827 12.6718 2.46484 2.95202 10.9135 1.88019 9.40129
internal_count=389 153 136 60 50 18 32 236 76 23 79 38 24 41 16 61 25 17 36 157 21 136 26 16 110 21 25 95 16 82
is_linear=0
shrinkage=0.03


Tree=3
num_leaves=31
num_cat=0
split_feature=1 4 3 10 10 0 2 4 3 3 0 10 3 4 4 3 3 10 3 3 3 4 4 4 4 1 1 3 1 10
split_gain=27.3196 6.83506 6.7143 3.91943 4.32508 3.67911 2.89736 4.74028 4.32259 3.84485 2.38539 3.20017 4.60236 4.18202 2.10463 2.09728 1.09039 1.08757 2.02215 0.848492 0.95032 1.52671 0.724566 0.591823 0.585995 0.549195 0.470449 0.000232889 0.000163524 0.000110516
threshold=0.72500000000000009 -0.38999999999999996 3.3700000000000006 0.73050000000000004 0.11550000000000001 0.91538461538461557 0.1153846153846154 -0.20999999999999999 3.8500000000000001 3.5900000000000003 0.79230769230769249 0.26950000000000007 2.9600000000000004 -0.44999999999999996 -0.36999999999999994 2.3900000000000001 4.2100000000000009 0.34650000000000009 3.7100000000000004 4.0900000000000007 3.7300000000000009 -0.32999999999999996 -0.62999999999999989 -0.24999999999999997 -0.12999999999999998 0.92500000000000016 0.97500000000000009 3.8100000000000001 0.92500000000000016 0.65350000000000008
decision_type=2 2 2 2 2 2 2 2 2 2 2 2 2 2 2 2 2 2 2 2 2 2 2 2 2 2 2 2 2 2
left_child=1 22 3 4 -2 6 7 9 -9 -4 -6 -12 -13 -14 -8 -5 19 18 -16 20 21 -7 -1 -11 -21 29 27 -22 -29 -19
right_child=2 -3 5 15 10 16 14 8 -10 23 11 12 13 -15 17 -17 -18 25 -20 24 26 -23 -24 -25 -26 -27 -28 28 -30 -31
leaf_value=0.089883677475677271 -0.035039590100943541 0.028946830553851208 0.034953217736610614 0.015345213095034459 0.072802654141714024 0.016696085702713234 0.023665573813190427 -0.0072294259776240913 0.069232664971995331 -0.034648529384167764 0.054914077538968334 -0.03527485525473377 -0.0073843230075208198 0.076563892905665162 -0.034556737481239455 -0.03509562636385577 -0.034420655417529908 -0.034541883125711798 0.027823480489361507 0.0090766501725374569 -0.035154678385769259 -0.034783545859143693 0.12349241284210383 -0.0082438402874406708 -0.01718687004558386 -0.012785444200349961 -0.015869181555878856 -0.034883630428575021 -0.034470243977514005 -0.034854057386372275
leaf_weight=1.1843879446387289 0.97897255420684626 1.855063535273074 1.2797027155756948 1.1944247782230379 1.1026337891817091 1.1519780382514002 1.0160600244998921 1.0833455249667161 1.7248779684305189 2.3122875690460205 1.9861940145492551 1.3862856924533846 1.0599267482757566 1.0765176638960841 0.91501235961913951 1.9580839946866033 6.3795516788959494 2.0524969771504402 0.95669198036193848 1.3746380656957629 0.99749975651502598 0.94281051307916808 1.1263487935066225 1.1409128084778788 1.722886636853217 1.3765996024012563 1.6037018150091169 1.4399278014898302 2.1428491845726967 2.0302047356963158
leaf_count=8 8 14 10 10 8 9 8 9 14 20 15 11 8 9 8 16 57 18 8 12 8 8 8 10 15 12 14 12 19 17
internal_value=-0.00162131 0.0718351 -0.00851532 0.012133 0.0238108 -0.0151086 -0.00462113 0.00885714 0.0397354 -0.0094642 0.0325247 0.0244629 0.00729392 0.0349157 -0.016798 -0.0159846 -0.024493 -0.0224062 -0.00267208 -0.0189258 -0.0239373 -0.00647357 0.106266 -0.0259246 -0.00553149 -0.0291719 -0.0298531 -0.0347493 -0.0346364 -0.0346971
internal_weight=48.5529 4.1658 44.3871 10.743 7.59053 33.644 15.8882 7.54113 2.80822 4.7329 6.61156 5.50892 3.52273 2.13644 8.34707 3.15251 17.7558 7.33101 1.8717 11.3763 8.27877 2.09479 2.31074 3.4532 3.09752 5.4593 6.18398 4.58028 3.58278 4.0827
internal_count=403 30 373 85 59 288 134 63 23 40 51 43 28 17 71 26 154 63 16 97 70 17 16 30 27 47 53 39 31 35
is_linear=0
shrinkage=0.03


end of trees

feature_importances:
promedio_actual=20
tendencia_notas=20
caida_asistencia=17
asist_x_notas=16
pct_asistencia_global=11
ausencia_x_sisben=11
nivel_sisben_num=9
pct_asistencia_4sem=8
zona_rural=3
pct_ausencia_lunes=1
sisben_x_rural=1

parameters:
[boosting: gbdt]
[objective: binary]
[metric: auc]
[tree_learner: serial]
[device_type: cpu]
[data_sample_strategy: bagging]
[data: ]
[valid: ]
[num_iterations: 500]
[learning_rate: 0.03]
[num_leaves: 31]
[num_threads: 0]
[seed: 42]
[deterministic: 0]
[force_col_wise: 0]
[force_row_wise: 0]
[histogram_pool_size: -1]
[max_depth: -1]
[min_data_in_leaf: 8]
[min_sum_hessian_in_leaf: 0.001]
[bagging_fraction: 0.8]
[pos_bagging_fraction: 1]
[neg_bagging_fraction: 1]
[bagging_freq: 3]
[bagging_seed: 400]
[bagging_by_query: 0]
[feature_fraction: 0.8]
[feature_fraction_bynode: 1]
[feature_fraction_seed: 30056]
[extra_trees: 0]
[extra_seed: 12879]
[early_stopping_round: 0]
[early_stopping_min_delta: 0]
[first_metric_only: 0]
[max_delta_step: 0]
[lambda_l1: 0]
[lambda_l2: 0]
[linear_lambda: 0]
[min_gain_to_split: 0]
[drop_rate: 0.1]
[max_drop: 50]
[skip_drop: 0.5]
[xgboost_dart_mode: 0]
[uniform_drop: 0]
[drop_seed: 17869]
[top_rate: 0.2]
[other_rate: 0.1]
[min_data_per_group: 100]
[max_cat_threshold: 32]
[cat_l2: 10]
[cat_smooth: 10]
[max_cat_to_onehot: 4]
[top_k: 20]
[monotone_constraints: ]
[monotone_constraints_method: basic]
[monotone_penalty: 0]
[feature_contri: ]
[forcedsplits_filename: ]
[refit_decay_rate: 0.9]
[cegb_tradeoff: 1]
[cegb_penalty_split: 0]
[cegb_penalty_feature_lazy: ]
[cegb_penalty_feature_coupled: ]
[path_smooth: 0]
[interaction_constraints: ]
[verbosity: -1]
[saved_feature_importance_type: 0]
[use_quantized_grad: 0]
[num_grad_quant_bins: 4]
[quant_train_renew_leaf: 0]
[stochastic_rounding: 1]
[linear_tree: 0]
[max_bin: 255]
[max_bin_by_feature: ]
[min_data_in_bin: 3]
[bin_construct_sample_cnt: 200000]
[data_random_seed: 175]
[is_enable_sparse: 1]
[enable_bundle: 1]
[use_missing: 1]
[zero_as_missing: 0]
[feature_pre_filter: 1]
[pre_partition: 0]
[two_round: 0]
[header: 0]
[label_column: ]
[weight_column: ]
[group_column: ]
[ignore_column: ]
[categorical_feature: ]
[forcedbins_filename: ]
[precise_float_parser: 0]
[parser_config_file: ]
[objective_seed: 16083]
[num_class: 1]
[is_unbalance: 0]
[scale_pos_weight: 1]
[sigmoid: 1]
[boost_from_average: 1]
[reg_sqrt: 0]
[alpha: 0.9]
[fair_c: 1]
[poisson_max_delta_step: 0.7]
[tweedie_variance_power: 1.5]
[lambdarank_truncation_level: 30]
[lambdarank_norm: 1]
[label_gain: ]
[lambdarank_position_bias_regularization: 0]
[eval_at: ]
[multi_error_top_k: 1]
[auc_mu_weights: ]
[num_machines: 1]
[local_listen_port: 12400]
[time_out: 120]
[machine_list_filename: ]
[machines: ]
[gpu_platform_id: -1]
[gpu_device_id: -1]
[gpu_device_id_list: ]
[gpu_use_dp: 0]
[num_gpu: 1]

end of parameters

pandas_categorical:[]
